   1.9930000e+03
   1.9790000e+03
   1.9710000e+03
   1.9820000e+03
   1.9730000e+03
   1.9910000e+03
   2.0090000e+03
   2.0130000e+03
   2.0310000e+03
   2.0360000e+03
   2.0410000e+03
   2.0460000e+03
   2.0370000e+03
   2.0260000e+03
   2.0320000e+03
   2.0220000e+03
   2.0280000e+03
   2.0290000e+03
   2.0270000e+03
   2.0430000e+03
   2.0400000e+03
   2.0380000e+03
   2.0310000e+03
   2.0060000e+03
   1.9850000e+03
   1.9770000e+03
   1.9980000e+03
   2.0410000e+03
   2.0730000e+03
   2.0610000e+03
   2.0540000e+03
   2.0420000e+03
   2.0380000e+03
   2.0330000e+03
   2.0170000e+03
   1.9880000e+03
   1.9590000e+03
   1.9390000e+03
   1.9490000e+03
   1.9760000e+03
   2.0130000e+03
   2.0250000e+03
   2.0360000e+03
   2.0400000e+03
   2.0390000e+03
   2.0270000e+03
   2.0260000e+03
   2.0250000e+03
   1.9980000e+03
   1.9870000e+03
   1.9980000e+03
   2.0190000e+03
   2.0270000e+03
   2.0320000e+03
   2.0180000e+03
   2.0060000e+03
   1.9970000e+03
   1.9810000e+03
   1.9720000e+03
   1.9760000e+03
   1.9940000e+03
   2.0030000e+03
   2.0070000e+03
   2.0170000e+03
   2.0350000e+03
   2.0410000e+03
   2.0540000e+03
   2.0640000e+03
   2.0500000e+03
   2.0230000e+03
   1.9970000e+03
   1.9780000e+03
   1.9800000e+03
   1.9840000e+03
   2.0090000e+03
   2.0300000e+03
   2.0420000e+03
   2.0500000e+03
   2.0530000e+03
   2.0650000e+03
   2.0400000e+03
   2.0260000e+03
   2.0010000e+03
   1.9900000e+03
   1.9810000e+03
   1.9770000e+03
   1.9890000e+03
   1.9960000e+03
   1.9970000e+03
   1.9960000e+03
   2.0070000e+03
   2.0130000e+03
   2.0340000e+03
   2.0480000e+03
   2.0440000e+03
   2.0200000e+03
   2.0110000e+03
   2.0250000e+03
   2.0390000e+03
   2.0430000e+03
   2.0380000e+03
   2.0430000e+03
   2.0270000e+03
   2.0160000e+03
   2.0230000e+03
   2.0170000e+03
   2.0050000e+03
   1.9980000e+03
   2.0170000e+03
   2.0270000e+03
   2.0260000e+03
   2.0160000e+03
   2.0020000e+03
   1.9950000e+03
   1.9890000e+03
   1.9860000e+03
   1.9830000e+03
   1.9920000e+03
   2.0000000e+03
   1.9970000e+03
   1.9970000e+03
   2.0120000e+03
   2.0140000e+03
   2.0260000e+03
   2.0330000e+03
   2.0310000e+03
   2.0280000e+03
   2.0210000e+03
   1.9960000e+03
   2.0130000e+03
   2.0080000e+03
   2.0270000e+03
   2.0280000e+03
   2.0170000e+03
   2.0030000e+03
   1.9990000e+03
   2.0130000e+03
   2.0130000e+03
   2.0250000e+03
   2.0180000e+03
   2.0180000e+03
   2.0200000e+03
   2.0260000e+03
   2.0340000e+03
   2.0290000e+03
   2.0150000e+03
   2.0010000e+03
   1.9930000e+03
   1.9880000e+03
   1.9830000e+03
   1.9820000e+03
   1.9870000e+03
   1.9960000e+03
   1.9930000e+03
   2.0260000e+03
   2.0300000e+03
   2.0390000e+03
   2.0380000e+03
   2.0250000e+03
   2.0150000e+03
   2.0010000e+03
   1.9980000e+03
   2.0030000e+03
   2.0010000e+03
   2.0210000e+03
   2.0210000e+03
   2.0150000e+03
   2.0190000e+03
   2.0170000e+03
   2.0260000e+03
   2.0150000e+03
   2.0090000e+03
   1.9970000e+03
   1.9970000e+03
   1.9990000e+03
   1.9740000e+03
   1.9630000e+03
   1.9270000e+03
   1.9030000e+03
   1.8840000e+03
   1.8690000e+03
   1.8460000e+03
   1.8160000e+03
   1.8310000e+03
   1.8430000e+03
   1.8540000e+03
   1.8500000e+03
   1.8540000e+03
   1.8910000e+03
   1.9000000e+03
   1.8910000e+03
   1.9060000e+03
   1.9240000e+03
   1.9490000e+03
   1.9610000e+03
   1.9960000e+03
   2.0060000e+03
   2.0220000e+03
   2.0250000e+03
   2.0270000e+03
   2.0310000e+03
   2.0300000e+03
   2.0390000e+03
   2.0470000e+03
   2.0660000e+03
   2.0930000e+03
   2.1010000e+03
   2.0860000e+03
   2.0580000e+03
   2.0440000e+03
   2.0490000e+03
   2.0430000e+03
   2.0470000e+03
   2.0420000e+03
   2.0320000e+03
   2.0320000e+03
   2.0140000e+03
   1.9950000e+03
   1.9810000e+03
   1.9800000e+03
   1.9340000e+03
   1.9360000e+03
   1.9250000e+03
   1.9200000e+03
   1.9190000e+03
   1.9380000e+03
   1.9360000e+03
   1.9210000e+03
   1.9240000e+03
   1.9180000e+03
   1.9280000e+03
   1.9570000e+03
   1.9920000e+03
   2.0220000e+03
   2.0440000e+03
   2.0510000e+03
   2.0590000e+03
   2.0610000e+03
   2.0520000e+03
   2.0440000e+03
   2.0500000e+03
   2.0680000e+03
   2.0850000e+03
   2.1010000e+03
   2.1030000e+03
   2.1030000e+03
   2.1030000e+03
   2.0980000e+03
   2.0920000e+03
   2.0830000e+03
   2.0810000e+03
   2.0660000e+03
   2.0560000e+03
   2.0540000e+03
   2.0670000e+03
   2.0780000e+03
   2.1120000e+03
   2.1030000e+03
   2.0880000e+03
   2.0860000e+03
   2.0830000e+03
   2.0760000e+03
   2.0620000e+03
   2.0470000e+03
   2.0510000e+03
   2.0560000e+03
   2.0480000e+03
   2.0450000e+03
   2.0430000e+03
   2.0430000e+03
   2.0370000e+03
   2.0300000e+03
   2.0560000e+03
   2.0720000e+03
   2.0780000e+03
   2.0890000e+03
   2.0850000e+03
   2.0740000e+03
   2.0620000e+03
   2.0450000e+03
   2.0230000e+03
   2.0170000e+03
   1.9890000e+03
   1.9760000e+03
   1.9920000e+03
   2.0030000e+03
   2.0210000e+03
   2.0570000e+03
   2.0840000e+03
   2.0820000e+03
   2.0530000e+03
   2.0500000e+03
   2.0430000e+03
   2.0330000e+03
   2.0190000e+03
   2.0380000e+03
   2.0210000e+03
   2.0170000e+03
   2.0230000e+03
   2.0410000e+03
   2.0450000e+03
   2.0500000e+03
   2.0410000e+03
   2.0180000e+03
   1.9980000e+03
   1.9750000e+03
   1.9690000e+03
   1.9720000e+03
   1.9950000e+03
   2.0260000e+03
   2.0500000e+03
   2.0760000e+03
   2.0850000e+03
   2.0730000e+03
   2.0530000e+03
   2.0350000e+03
   2.0010000e+03
   1.9530000e+03
   1.9480000e+03
   1.9570000e+03
   1.9770000e+03
   2.0010000e+03
   2.0160000e+03
   2.0460000e+03
   2.0510000e+03
   2.0680000e+03
   2.0540000e+03
   2.0320000e+03
   2.0060000e+03
   1.9910000e+03
   1.9790000e+03
   1.9750000e+03
   1.9870000e+03
   1.9940000e+03
   2.0000000e+03
   2.0060000e+03
   1.9900000e+03
   2.0100000e+03
   1.9800000e+03
   1.9550000e+03
   1.9320000e+03
   1.9450000e+03
   1.8560000e+03
   1.8960000e+03
   1.7990000e+03
   1.8340000e+03
   1.8140000e+03
   1.8340000e+03
   1.8690000e+03
   1.9050000e+03
   1.9370000e+03
   1.9400000e+03
   1.9520000e+03
   1.9560000e+03
   1.9660000e+03
   1.9760000e+03
   1.9930000e+03
   1.9980000e+03
   2.0000000e+03
   2.0230000e+03
   2.0300000e+03
   2.0450000e+03
   2.0570000e+03
   2.0750000e+03
   2.0880000e+03
   2.0910000e+03
   2.0880000e+03
   2.0740000e+03
   2.0410000e+03
   1.9800000e+03
   1.9540000e+03
   1.9060000e+03
   1.9030000e+03
   1.9030000e+03
   1.9050000e+03
   1.9060000e+03
   1.9180000e+03
   1.9250000e+03
   1.9280000e+03
   1.9200000e+03
   1.9190000e+03
   1.9500000e+03
   1.9390000e+03
   1.9670000e+03
   1.9750000e+03
   1.9660000e+03
   1.9700000e+03
   1.9640000e+03
   1.9500000e+03
   1.9290000e+03
   1.9160000e+03
   1.9060000e+03
   1.9090000e+03
   1.9220000e+03
   1.9690000e+03
   1.9880000e+03
   1.9940000e+03
   2.0190000e+03
   2.0270000e+03
   2.0440000e+03
   2.0530000e+03
   2.0580000e+03
   2.0530000e+03
   2.0440000e+03
   2.0500000e+03
   2.0560000e+03
   2.0750000e+03
   2.1050000e+03
   2.1160000e+03
   2.1210000e+03
   2.1140000e+03
   2.1010000e+03
   2.1190000e+03
   2.1190000e+03
   2.1190000e+03
   2.1250000e+03
   2.1200000e+03
   2.1170000e+03
   2.1080000e+03
   2.1060000e+03
   2.1020000e+03
   2.1190000e+03
   2.1210000e+03
   2.1260000e+03
   2.0960000e+03
   2.0970000e+03
   2.0820000e+03
   2.0670000e+03
   2.0570000e+03
   2.0510000e+03
   2.0600000e+03
   2.0860000e+03
   2.0860000e+03
   2.0820000e+03
   2.0700000e+03
   2.0540000e+03
   2.0420000e+03
   2.0410000e+03
   2.0420000e+03
   2.0500000e+03
   2.0580000e+03
   2.0620000e+03
   2.0650000e+03
   2.0640000e+03
   2.0640000e+03
   2.0710000e+03
   2.0690000e+03
   2.0620000e+03
   2.0460000e+03
   2.0230000e+03
   2.0070000e+03
   2.0140000e+03
   2.0280000e+03
   2.0310000e+03
   2.0200000e+03
   2.0230000e+03
   2.0280000e+03
   2.0430000e+03
   2.0590000e+03
   2.0570000e+03
   2.0400000e+03
   2.0360000e+03
   2.0240000e+03
   2.0130000e+03
   1.9880000e+03
   1.9830000e+03
   2.0160000e+03
   2.0520000e+03
   2.0780000e+03
   2.0830000e+03
   2.0780000e+03
   2.0460000e+03
   2.0240000e+03
   2.0190000e+03
   2.0000000e+03
   1.9810000e+03
   1.9740000e+03
   1.9770000e+03
   1.9900000e+03
   2.0110000e+03
   2.0150000e+03
   2.0230000e+03
   2.0330000e+03
   2.0370000e+03
   2.0490000e+03
   2.0450000e+03
   2.0360000e+03
   2.0300000e+03
   2.0120000e+03
   1.9920000e+03
   1.9770000e+03
   1.9720000e+03
   1.9800000e+03
   1.9720000e+03
   1.9670000e+03
   1.9850000e+03
   1.9990000e+03
   1.9970000e+03
   2.0020000e+03
   2.0020000e+03
   2.0020000e+03
   2.0050000e+03
   2.0070000e+03
   2.0100000e+03
   2.0220000e+03
   2.0250000e+03
   2.0100000e+03
   2.0050000e+03
   1.9900000e+03
   1.9760000e+03
   1.9740000e+03
   1.9710000e+03
   1.9820000e+03
   1.9900000e+03
   2.0010000e+03
   2.0140000e+03
   2.0400000e+03
   2.0470000e+03
   2.0410000e+03
   2.0350000e+03
   2.0100000e+03
   1.9800000e+03
   1.9570000e+03
   1.9570000e+03
   1.9720000e+03
   1.9800000e+03
   1.9990000e+03
   2.0120000e+03
   2.0180000e+03
   2.0270000e+03
   2.0270000e+03
   2.0340000e+03
   2.0300000e+03
   2.0040000e+03
   1.9800000e+03
   1.9700000e+03
   1.9710000e+03
   1.9860000e+03
   2.0230000e+03
   2.0440000e+03
   2.0550000e+03
   2.0450000e+03
   2.0230000e+03
   1.9960000e+03
   1.9660000e+03
   1.9560000e+03
   1.9640000e+03
   1.9950000e+03
   2.0250000e+03
   2.0340000e+03
   2.0410000e+03
   2.0300000e+03
   2.0300000e+03
   2.0360000e+03
   2.0340000e+03
   2.0130000e+03
   1.9910000e+03
   1.9750000e+03
   1.9560000e+03
   1.9450000e+03
   1.9510000e+03
   1.9640000e+03
   1.9950000e+03
   1.9980000e+03
   1.9990000e+03
   2.0060000e+03
   2.0070000e+03
   2.0120000e+03
   1.9900000e+03
   2.0020000e+03
   1.9920000e+03
   1.9840000e+03
   1.9730000e+03
   1.9850000e+03
   2.0060000e+03
   2.0420000e+03
   2.0570000e+03
   2.0600000e+03
   2.0320000e+03
   1.9980000e+03
   1.9810000e+03
   1.9800000e+03
   1.9710000e+03
   1.9800000e+03
   1.9870000e+03
   1.9900000e+03
   2.0010000e+03
   2.0050000e+03
   2.0070000e+03
   2.0020000e+03
   2.0070000e+03
   2.0230000e+03
   2.0260000e+03
   2.0290000e+03
   2.0210000e+03
   2.0080000e+03
   2.0030000e+03
   2.0040000e+03
   2.0020000e+03
   1.9940000e+03
   2.0060000e+03
   2.0020000e+03
   2.0120000e+03
   2.0100000e+03
   2.0110000e+03
   2.0050000e+03
   2.0180000e+03
   2.0360000e+03
   2.0530000e+03
   2.0570000e+03
   2.0420000e+03
   2.0330000e+03
   2.0220000e+03
   2.0060000e+03
   1.9890000e+03
   1.9650000e+03
   1.9750000e+03
   1.9900000e+03
   2.0120000e+03
   2.0200000e+03
   2.0420000e+03
   2.0390000e+03
   2.0420000e+03
   2.0410000e+03
   2.0200000e+03
   1.9970000e+03
   1.9900000e+03
   2.0000000e+03
   1.9970000e+03
   1.9920000e+03
   1.9840000e+03
   1.9880000e+03
   1.9970000e+03
   1.9950000e+03
   1.9910000e+03
   2.0000000e+03
   2.0040000e+03
   2.0060000e+03
   2.0200000e+03
   2.0290000e+03
   2.0400000e+03
   2.0360000e+03
   2.0280000e+03
   2.0230000e+03
   2.0060000e+03
   1.9980000e+03
   1.9770000e+03
   1.9740000e+03
   1.9720000e+03
   1.9800000e+03
   2.0020000e+03
   2.0200000e+03
   2.0420000e+03
   2.0540000e+03
   2.0600000e+03
   2.0520000e+03
   2.0370000e+03
   2.0270000e+03
   2.0220000e+03
   1.9840000e+03
   1.9640000e+03
   1.9620000e+03
   1.9800000e+03
   2.0020000e+03
   2.0150000e+03
   2.0270000e+03
   2.0420000e+03
   2.0280000e+03
   2.0160000e+03
   2.0190000e+03
   2.0150000e+03
   2.0050000e+03
   2.0080000e+03
   2.0160000e+03
   2.0290000e+03
   2.0190000e+03
   2.0210000e+03
   2.0010000e+03
   1.9890000e+03
   1.9810000e+03
   2.0020000e+03
   1.9970000e+03
   1.9820000e+03
   1.9830000e+03
   1.9900000e+03
   2.0060000e+03
   2.0250000e+03
   2.0270000e+03
   2.0150000e+03
   2.0070000e+03
   1.9990000e+03
   1.9800000e+03
   1.9560000e+03
   1.9670000e+03
   1.9930000e+03
   2.0120000e+03
   2.0340000e+03
   2.0310000e+03
   2.0350000e+03
   2.0290000e+03
   2.0230000e+03
   2.0200000e+03
   2.0100000e+03
   1.9950000e+03
   1.9940000e+03
   2.0010000e+03
   2.0140000e+03
   2.0290000e+03
   2.0300000e+03
   2.0210000e+03
   2.0120000e+03
   2.0180000e+03
   2.0020000e+03
   1.9970000e+03
   1.9820000e+03
   1.9770000e+03
   1.9930000e+03
   2.0140000e+03
   2.0210000e+03
   2.0250000e+03
   2.0150000e+03
   2.0160000e+03
   2.0180000e+03
   2.0030000e+03
   1.9810000e+03
   1.9600000e+03
   1.9460000e+03
   1.9540000e+03
   1.9760000e+03
   1.9770000e+03
   1.9790000e+03
   1.9870000e+03
   2.0010000e+03
   2.0320000e+03
   2.0490000e+03
   2.0360000e+03
   2.0150000e+03
   2.0030000e+03
   2.0140000e+03
   2.0200000e+03
   2.0260000e+03
   2.0370000e+03
   2.0470000e+03
   2.0460000e+03
   2.0300000e+03
   2.0370000e+03
   2.0040000e+03
   1.9780000e+03
   1.9560000e+03
   1.9650000e+03
   1.9800000e+03
   1.9920000e+03
   1.9920000e+03
   1.9820000e+03
   1.9870000e+03
   2.0220000e+03
   2.0580000e+03
   2.0620000e+03
   2.0590000e+03
   2.0620000e+03
   2.0420000e+03
   2.0250000e+03
   2.0100000e+03
   2.0030000e+03
   2.0020000e+03
   1.9980000e+03
   1.9920000e+03
   1.9740000e+03
   1.9560000e+03
   1.9370000e+03
   1.9200000e+03
   1.8970000e+03
   1.8820000e+03
   1.8920000e+03
   1.9100000e+03
   1.9190000e+03
   1.9300000e+03
   1.9430000e+03
   1.9530000e+03
   1.9710000e+03
   1.9820000e+03
   1.9740000e+03
   1.9620000e+03
   1.9510000e+03
   1.9750000e+03
   2.0040000e+03
   2.0230000e+03
   2.0420000e+03
   2.0420000e+03
   2.0470000e+03
   2.0570000e+03
   2.0500000e+03
   2.0350000e+03
   2.0330000e+03
   2.0320000e+03
   2.0310000e+03
   2.0270000e+03
   2.0400000e+03
   2.0510000e+03
   2.0570000e+03
   2.0500000e+03
   2.0430000e+03
   2.0430000e+03
   2.0350000e+03
   2.0310000e+03
   2.0310000e+03
   2.0400000e+03
   2.0330000e+03
   2.0300000e+03
   2.0290000e+03
   2.0320000e+03
   2.0340000e+03
   2.0450000e+03
   2.0360000e+03
   2.0340000e+03
   2.0280000e+03
   2.0210000e+03
   2.0130000e+03
   2.0030000e+03
   2.0150000e+03
   2.0340000e+03
   2.0810000e+03
   2.0990000e+03
   2.0900000e+03
   2.0830000e+03
   2.0880000e+03
   2.0700000e+03
   2.0490000e+03
   2.0420000e+03
   2.0170000e+03
   2.0030000e+03
   1.9870000e+03
   1.9710000e+03
   1.9700000e+03
   1.9880000e+03
   2.0050000e+03
   2.0260000e+03
   2.0540000e+03
   2.0680000e+03
   2.0720000e+03
   2.0730000e+03
   2.0600000e+03
   2.0460000e+03
   2.0280000e+03
   2.0240000e+03
   2.0140000e+03
   1.9950000e+03
   1.9790000e+03
   1.9800000e+03
   1.9930000e+03
   2.0210000e+03
   2.0320000e+03
   2.0090000e+03
   2.0210000e+03
   2.0420000e+03
   2.0520000e+03
   2.0670000e+03
   2.0590000e+03
   2.0460000e+03
   2.0340000e+03
   2.0200000e+03
   2.0030000e+03
   1.9790000e+03
   1.9820000e+03
   1.9870000e+03
   2.0110000e+03
   2.0260000e+03
   2.0390000e+03
   2.0490000e+03
   2.0610000e+03
   2.0650000e+03
   2.0420000e+03
   2.0240000e+03
   2.0020000e+03
   1.9910000e+03
   1.9940000e+03
   1.9870000e+03
   1.9960000e+03
   2.0090000e+03
   2.0240000e+03
   2.0270000e+03
   2.0190000e+03
   1.9990000e+03
   2.0040000e+03
   2.0050000e+03
   1.9930000e+03
   1.9920000e+03
   2.0110000e+03
   2.0310000e+03
   2.0330000e+03
   2.0370000e+03
   2.0490000e+03
   2.0520000e+03
   2.0380000e+03
   2.0130000e+03
   1.9980000e+03
   1.9930000e+03
   2.0000000e+03
   2.0030000e+03
   2.0140000e+03
   2.0110000e+03
   2.0190000e+03
   2.0290000e+03
   2.0540000e+03
   2.0580000e+03
   2.0520000e+03
   2.0200000e+03
   2.0050000e+03
   2.0090000e+03
   2.0090000e+03
   2.0070000e+03
   2.0060000e+03
   1.9960000e+03
   1.9930000e+03
   2.0090000e+03
   2.0260000e+03
   2.0500000e+03
   2.0670000e+03
   2.0770000e+03
   2.0740000e+03
   2.0600000e+03
   2.0420000e+03
   2.0190000e+03
   2.0020000e+03
   1.9790000e+03
   1.9730000e+03
   1.9720000e+03
   1.9750000e+03
   1.9810000e+03
   1.9980000e+03
   2.0260000e+03
   2.0410000e+03
   2.0470000e+03
   2.0440000e+03
   2.0350000e+03
   2.0210000e+03
   2.0110000e+03
   1.9930000e+03
   1.9700000e+03
   1.9690000e+03
   1.9770000e+03
   1.9950000e+03
   2.0080000e+03
   2.0200000e+03
   2.0200000e+03
   2.0140000e+03
   2.0120000e+03
   2.0090000e+03
   2.0110000e+03
   2.0010000e+03
   1.9860000e+03
   2.0010000e+03
   2.0140000e+03
   2.0240000e+03
   2.0300000e+03
   2.0220000e+03
   2.0180000e+03
   2.0030000e+03
   1.9850000e+03
   1.9700000e+03
   1.9690000e+03
   1.9680000e+03
   1.9830000e+03
   2.0030000e+03
   2.0210000e+03
   2.0480000e+03
   2.0710000e+03
   2.0690000e+03
   2.0590000e+03
   2.0410000e+03
   2.0210000e+03
   1.9930000e+03
   1.9820000e+03
   1.9700000e+03
   1.9910000e+03
   2.0140000e+03
   2.0330000e+03
   2.0360000e+03
   2.0370000e+03
   2.0290000e+03
   2.0230000e+03
   2.0200000e+03
   2.0170000e+03
   2.0160000e+03
   2.0150000e+03
   2.0280000e+03
   2.0350000e+03
   2.0250000e+03
   2.0090000e+03
   2.0200000e+03
   2.0180000e+03
   2.0170000e+03
   2.0190000e+03
   2.0070000e+03
   1.9910000e+03
   1.9920000e+03
   2.0140000e+03
   2.0280000e+03
   2.0460000e+03
   2.0410000e+03
   2.0400000e+03
   2.0370000e+03
   2.0260000e+03
   2.0060000e+03
   1.9960000e+03
   1.9940000e+03
   1.9920000e+03
   2.0050000e+03
   1.9960000e+03
   2.0080000e+03
   2.0140000e+03
   2.0240000e+03
   2.0200000e+03
   2.0290000e+03
   2.0330000e+03
   2.0320000e+03
   2.0210000e+03
   2.0300000e+03
   2.0170000e+03
   2.0080000e+03
   2.0060000e+03
   2.0180000e+03
   2.0300000e+03
   2.0440000e+03
   2.0500000e+03
   2.0420000e+03
   2.0370000e+03
   2.0280000e+03
   2.0080000e+03
   2.0010000e+03
   2.0080000e+03
   2.0190000e+03
   2.0320000e+03
   2.0360000e+03
   2.0440000e+03
   2.0470000e+03
   2.0430000e+03
   2.0330000e+03
   2.0210000e+03
   2.0070000e+03
   1.9900000e+03
   1.9740000e+03
   1.9610000e+03
   1.9620000e+03
   1.9980000e+03
   2.0320000e+03
   2.0540000e+03
   2.0740000e+03
   2.0890000e+03
   2.0780000e+03
   2.0510000e+03
   2.0200000e+03
   1.9940000e+03
   1.9820000e+03
   1.9780000e+03
   1.9810000e+03
   1.9910000e+03
   1.9990000e+03
   2.0150000e+03
   2.0230000e+03
   2.0360000e+03
   2.0340000e+03
   2.0290000e+03
   2.0090000e+03
   2.0120000e+03
   2.0510000e+03
   2.0670000e+03
   2.0760000e+03
   2.0720000e+03
   2.0560000e+03
   2.0520000e+03
   2.0410000e+03
   2.0040000e+03
   1.9760000e+03
   1.9620000e+03
   1.9330000e+03
   1.9030000e+03
   1.9050000e+03
   1.9410000e+03
   1.9810000e+03
   2.0200000e+03
   2.0500000e+03
   2.0650000e+03
   2.0530000e+03
   2.0430000e+03
   2.0280000e+03
   2.0160000e+03
   2.0220000e+03
   2.0260000e+03
   2.0160000e+03
   2.0040000e+03
   2.0080000e+03
   2.0130000e+03
   2.0180000e+03
   2.0160000e+03
   2.0340000e+03
   2.0100000e+03
   1.9960000e+03
   1.9720000e+03
   1.9490000e+03
   1.9630000e+03
   1.9890000e+03
   2.0120000e+03
   2.0220000e+03
   2.0080000e+03
   1.9990000e+03
   1.9890000e+03
   1.9840000e+03
   1.9980000e+03
   1.9970000e+03
   1.9950000e+03
   2.0110000e+03
   2.0130000e+03
   2.0260000e+03
   2.0190000e+03
   2.0070000e+03
   2.0030000e+03
   2.0160000e+03
   2.0110000e+03
   2.0090000e+03
   2.0120000e+03
   2.0150000e+03
   2.0240000e+03
   2.0250000e+03
   2.0300000e+03
   2.0480000e+03
   2.0270000e+03
   2.0310000e+03
   2.0150000e+03
   2.0040000e+03
   1.9890000e+03
   1.9700000e+03
   1.9860000e+03
   2.0080000e+03
   2.0410000e+03
   2.0470000e+03
   2.0510000e+03
   2.0470000e+03
   2.0340000e+03
   2.0160000e+03
   2.0010000e+03
   1.9910000e+03
   1.9790000e+03
   1.9840000e+03
   1.9880000e+03
   1.9910000e+03
   2.0090000e+03
   2.0280000e+03
   2.0450000e+03
   2.0510000e+03
   2.0550000e+03
   2.0520000e+03
   2.0300000e+03
   2.0070000e+03
   1.9860000e+03
   1.9820000e+03
   2.0040000e+03
   2.0320000e+03
   2.0380000e+03
   2.0440000e+03
   2.0340000e+03
   2.0320000e+03
   2.0130000e+03
   1.9970000e+03
   1.9900000e+03
   1.9930000e+03
   2.0050000e+03
   2.0160000e+03
   2.0420000e+03
   2.0390000e+03
   2.0440000e+03
   2.0370000e+03
   2.0300000e+03
   2.0170000e+03
   2.0020000e+03
   1.9980000e+03
   2.0010000e+03
   1.9960000e+03
   1.9840000e+03
   1.9800000e+03
   1.9810000e+03
   2.0030000e+03
   2.0270000e+03
   2.0630000e+03
   2.0790000e+03
   2.0870000e+03
   2.0830000e+03
   2.0750000e+03
   2.0520000e+03
   2.0120000e+03
   1.9780000e+03
   1.9590000e+03
   1.9660000e+03
   1.9920000e+03
   2.0120000e+03
   2.0220000e+03
   2.0260000e+03
   2.0300000e+03
   2.0230000e+03
   2.0270000e+03
   2.0370000e+03
   2.0400000e+03
   2.0160000e+03
   1.9890000e+03
   1.9780000e+03
   1.9700000e+03
   1.9830000e+03
   1.9910000e+03
   1.9860000e+03
   1.9780000e+03
   1.9670000e+03
   1.9670000e+03
   1.9780000e+03
   1.9980000e+03
   2.0150000e+03
   2.0230000e+03
   2.0330000e+03
   2.0360000e+03
   2.0340000e+03
   2.0260000e+03
   2.0220000e+03
   2.0170000e+03
   2.0070000e+03
   1.9950000e+03
   1.9840000e+03
   1.9810000e+03
   1.9740000e+03
   1.9720000e+03
   1.9950000e+03
   2.0270000e+03
   2.0260000e+03
   2.0340000e+03
   2.0470000e+03
   2.0320000e+03
   2.0190000e+03
   2.0090000e+03
   2.0020000e+03
   1.9940000e+03
   1.9970000e+03
   1.9970000e+03
   2.0110000e+03
   2.0060000e+03
   1.9960000e+03
   1.9900000e+03
   1.9850000e+03
   1.9850000e+03
   1.9840000e+03
   1.9870000e+03
   1.9980000e+03
   2.0130000e+03
   2.0230000e+03
   2.0380000e+03
   2.0380000e+03
   2.0350000e+03
   2.0250000e+03
   2.0170000e+03
   2.0090000e+03
   1.9910000e+03
   1.9680000e+03
   1.9510000e+03
   1.9500000e+03
   1.9820000e+03
   2.0140000e+03
   2.0390000e+03
   2.0580000e+03
   2.0510000e+03
   2.0270000e+03
   2.0140000e+03
   2.0180000e+03
   2.0140000e+03
   2.0160000e+03
   2.0190000e+03
   2.0280000e+03
   2.0400000e+03
   2.0260000e+03
   2.0170000e+03
   2.0080000e+03
   2.0030000e+03
   1.9930000e+03
   1.9950000e+03
   1.9940000e+03
   1.9890000e+03
   2.0040000e+03
   2.0040000e+03
   2.0140000e+03
   2.0330000e+03
   2.0410000e+03
   2.0460000e+03
   2.0340000e+03
   2.0050000e+03
   1.9980000e+03
   2.0060000e+03
   1.9970000e+03
   1.9870000e+03
   1.9960000e+03
   2.0100000e+03
   2.0090000e+03
   2.0060000e+03
   2.0070000e+03
   2.0090000e+03
   2.0160000e+03
   2.0200000e+03
   2.0250000e+03
   2.0180000e+03
   2.0150000e+03
   1.9990000e+03
   2.0060000e+03
   2.0200000e+03
   2.0290000e+03
   2.0100000e+03
   2.0050000e+03
   2.0030000e+03
   1.9970000e+03
   1.9940000e+03
   2.0050000e+03
   2.0170000e+03
   2.0200000e+03
   2.0190000e+03
   2.0180000e+03
   1.9990000e+03
   1.9940000e+03
   1.9810000e+03
   1.9840000e+03
   1.9920000e+03
   2.0050000e+03
   2.0040000e+03
   2.0070000e+03
   2.0250000e+03
   2.0410000e+03
   2.0340000e+03
   2.0220000e+03
   2.0210000e+03
   2.0250000e+03
   2.0150000e+03
   1.9880000e+03
   1.9760000e+03
   1.9780000e+03
   1.9780000e+03
   1.9870000e+03
   1.9960000e+03
   2.0070000e+03
   2.0150000e+03
   2.0250000e+03
   2.0390000e+03
   2.0390000e+03
   2.0170000e+03
   2.0070000e+03
   1.9960000e+03
   1.9800000e+03
   1.9950000e+03
   2.0010000e+03
   2.0160000e+03
   2.0290000e+03
   2.0360000e+03
   2.0230000e+03
   2.0240000e+03
   2.0000000e+03
   1.9960000e+03
   1.9830000e+03
   1.9860000e+03
   1.9760000e+03
   1.9740000e+03
   1.9780000e+03
   1.9950000e+03
   2.0150000e+03
   2.0380000e+03
   2.0340000e+03
   2.0140000e+03
   2.0100000e+03
   2.0010000e+03
   1.9810000e+03
   1.9730000e+03
   1.9810000e+03
   1.9890000e+03
   1.9910000e+03
   1.9780000e+03
   1.9900000e+03
   2.0090000e+03
   2.0270000e+03
   2.0450000e+03
   2.0410000e+03
   2.0140000e+03
   1.9820000e+03
   1.9900000e+03
   2.0030000e+03
   2.0050000e+03
   1.9950000e+03
   1.9930000e+03
   1.9940000e+03
   2.0160000e+03
   2.0110000e+03
   2.0030000e+03
   1.9960000e+03
   1.9980000e+03
   2.0130000e+03
   2.0120000e+03
   2.0050000e+03
   2.0140000e+03
   2.0300000e+03
   2.0330000e+03
   2.0120000e+03
   2.0030000e+03
   1.9960000e+03
   1.9930000e+03
   1.9910000e+03
   1.9880000e+03
   1.9870000e+03
   1.9640000e+03
   1.9380000e+03
   1.9370000e+03
   1.9620000e+03
   1.9830000e+03
   1.9920000e+03
   2.0090000e+03
   2.0230000e+03
   2.0240000e+03
   2.0190000e+03
   2.0270000e+03
   2.0130000e+03
   2.0000000e+03
   1.9990000e+03
   1.9930000e+03
   1.9920000e+03
   2.0150000e+03
   2.0350000e+03
   2.0500000e+03
   2.0450000e+03
   2.0370000e+03
   2.0290000e+03
   2.0140000e+03
   1.9990000e+03
   1.9880000e+03
   1.9880000e+03
   1.9880000e+03
   1.9740000e+03
   1.9860000e+03
   1.9990000e+03
   2.0130000e+03
   2.0340000e+03
   2.0320000e+03
   1.9990000e+03
   1.9750000e+03
   1.9870000e+03
   1.9900000e+03
   1.9830000e+03
   1.9830000e+03
   1.9850000e+03
   1.9850000e+03
   1.9890000e+03
   2.0250000e+03
   2.0420000e+03
   2.0610000e+03
   2.0670000e+03
   2.0610000e+03
   2.0430000e+03
   2.0230000e+03
   1.9880000e+03
   1.9730000e+03
   1.9610000e+03
   1.9790000e+03
   2.0070000e+03
   2.0350000e+03
   2.0410000e+03
   2.0360000e+03
   2.0220000e+03
   2.0080000e+03
   2.0000000e+03
   2.0020000e+03
   2.0110000e+03
   2.0320000e+03
   2.0540000e+03
   2.0540000e+03
   2.0470000e+03
   2.0360000e+03
   2.0230000e+03
   2.0050000e+03
   1.9920000e+03
   1.9740000e+03
   1.9660000e+03
   1.9750000e+03
   1.9900000e+03
   2.0110000e+03
   2.0320000e+03
   2.0560000e+03
   2.0720000e+03
   2.0730000e+03
   2.0430000e+03
   2.0150000e+03
   1.9870000e+03
   1.9770000e+03
   1.9690000e+03
   1.9620000e+03
   1.9830000e+03
   2.0230000e+03
   2.0480000e+03
   2.0510000e+03
   2.0600000e+03
   2.0620000e+03
   2.0460000e+03
   2.0350000e+03
   2.0160000e+03
   1.9690000e+03
   1.9470000e+03
   1.9640000e+03
   1.9740000e+03
   1.9960000e+03
   2.0360000e+03
   2.0490000e+03
   2.0590000e+03
   2.0720000e+03
   2.0660000e+03
   2.0510000e+03
   2.0450000e+03
   2.0250000e+03
   2.0090000e+03
   2.0030000e+03
   2.0040000e+03
   2.0000000e+03
   2.0170000e+03
   2.0370000e+03
   2.0400000e+03
   2.0400000e+03
   2.0490000e+03
   2.0530000e+03
   2.0480000e+03
   2.0230000e+03
   1.9800000e+03
   1.9790000e+03
   1.9920000e+03
   2.0100000e+03
   2.0320000e+03
   2.0460000e+03
   2.0460000e+03
   2.0490000e+03
   2.0250000e+03
   2.0090000e+03
   2.0030000e+03
   1.9820000e+03
   1.9640000e+03
   1.9660000e+03
   1.9850000e+03
   2.0090000e+03
   2.0260000e+03
   2.0310000e+03
   2.0360000e+03
   2.0400000e+03
   2.0270000e+03
   2.0180000e+03
   2.0050000e+03
   1.9830000e+03
   1.9680000e+03
   1.9590000e+03
   1.9610000e+03
   1.9760000e+03
   2.0140000e+03
   2.0390000e+03
   2.0670000e+03
   2.0750000e+03
   2.0740000e+03
   2.0600000e+03
   2.0350000e+03
   2.0140000e+03
   1.9900000e+03
   1.9820000e+03
   1.9970000e+03
   2.0030000e+03
   2.0020000e+03
   2.0160000e+03
   2.0220000e+03
   2.0370000e+03
   2.0430000e+03
   2.0410000e+03
   2.0220000e+03
   2.0430000e+03
   2.0470000e+03
   2.0470000e+03
   2.0460000e+03
   2.0560000e+03
   2.0460000e+03
   2.0270000e+03
   1.9950000e+03
   1.9770000e+03
   1.9750000e+03
   1.9850000e+03
   1.9880000e+03
   1.9980000e+03
   2.0330000e+03
   2.0510000e+03
   2.0800000e+03
   2.0960000e+03
   2.1200000e+03
   2.1430000e+03
   2.1520000e+03
   2.1270000e+03
   2.0870000e+03
   2.0440000e+03
   1.9940000e+03
   1.9870000e+03
   2.0000000e+03
   1.9780000e+03
   1.9630000e+03
   1.9710000e+03
   1.9990000e+03
   2.0370000e+03
   2.0790000e+03
   2.0810000e+03
   2.0670000e+03
   2.0530000e+03
   2.0290000e+03
   2.0200000e+03
   2.0150000e+03
   1.9960000e+03
   1.9750000e+03
   1.9930000e+03
   2.0180000e+03
   2.0170000e+03
   2.0110000e+03
   2.0080000e+03
   1.9990000e+03
   1.9870000e+03
   1.9500000e+03
   1.9440000e+03
   1.9590000e+03
   1.9770000e+03
   1.9900000e+03
   2.0000000e+03
   2.0110000e+03
   2.0220000e+03
   2.0110000e+03
   1.9880000e+03
   1.9690000e+03
   1.9740000e+03
   1.9850000e+03
   1.9940000e+03
   1.9990000e+03
   2.0030000e+03
   1.9960000e+03
   1.9920000e+03
   2.0040000e+03
   2.0180000e+03
   2.0190000e+03
   2.0170000e+03
   2.0140000e+03
   2.0080000e+03
   2.0170000e+03
   2.0290000e+03
   2.0250000e+03
   2.0210000e+03
   2.0270000e+03
   2.0260000e+03
   1.9980000e+03
   1.9800000e+03
   1.9760000e+03
   1.9890000e+03
   2.0150000e+03
   2.0300000e+03
   2.0400000e+03
   2.0390000e+03
   2.0370000e+03
   2.0390000e+03
   2.0430000e+03
   2.0350000e+03
   2.0200000e+03
   2.0210000e+03
   2.0240000e+03
   2.0110000e+03
   2.0040000e+03
   2.0120000e+03
   1.9980000e+03
   1.9960000e+03
   1.9740000e+03
   1.9470000e+03
   1.9200000e+03
   1.9030000e+03
   1.8570000e+03
   1.8470000e+03
   1.8350000e+03
   1.8100000e+03
   1.8210000e+03
   1.8810000e+03
   1.9130000e+03
   1.9350000e+03
   1.9550000e+03
   1.9600000e+03
   1.9600000e+03
   1.9670000e+03
   1.9710000e+03
   1.9670000e+03
   1.9880000e+03
   1.9930000e+03
   1.9950000e+03
   2.0160000e+03
   2.0460000e+03
   2.0770000e+03
   2.1130000e+03
   2.1140000e+03
   2.0860000e+03
   2.0350000e+03
   1.9900000e+03
   1.9850000e+03
   2.0140000e+03
   2.0520000e+03
   2.0680000e+03
   2.0690000e+03
   2.0610000e+03
   2.0350000e+03
   2.0300000e+03
   2.0340000e+03
   2.0470000e+03
   2.0270000e+03
   2.0140000e+03
   2.0020000e+03
   2.0180000e+03
   2.0360000e+03
   2.0370000e+03
   2.0310000e+03
   2.0240000e+03
   2.0050000e+03
   1.9820000e+03
   1.9570000e+03
   1.9420000e+03
   1.9390000e+03
   1.9350000e+03
   1.9230000e+03
   1.9430000e+03
   1.9970000e+03
   2.0430000e+03
   2.0550000e+03
   2.0640000e+03
   2.0690000e+03
   2.0700000e+03
   2.0510000e+03
   2.0260000e+03
   1.9850000e+03
   1.9740000e+03
   1.9750000e+03
   1.9830000e+03
   2.0040000e+03
   2.0460000e+03
   2.0780000e+03
   2.0730000e+03
   2.0560000e+03
   2.0590000e+03
   2.0570000e+03
   2.0440000e+03
   2.0250000e+03
   2.0040000e+03
   2.0320000e+03
   2.0320000e+03
   2.0240000e+03
   2.0140000e+03
   2.0180000e+03
   2.0240000e+03
   2.0330000e+03
   2.0280000e+03
   2.0250000e+03
   1.9940000e+03
   1.9520000e+03
   1.9560000e+03
   1.9880000e+03
   2.0230000e+03
   2.0280000e+03
   2.0500000e+03
   2.0610000e+03
   2.0500000e+03
   2.0350000e+03
   2.0190000e+03
   1.9880000e+03
   1.9730000e+03
   1.9640000e+03
   1.9660000e+03
   1.9720000e+03
   1.9670000e+03
   1.9530000e+03
   1.9700000e+03
   1.9970000e+03
   2.0100000e+03
   2.0210000e+03
   2.0320000e+03
   2.0260000e+03
   2.0190000e+03
   2.0070000e+03
   1.9980000e+03
   2.0020000e+03
   2.0070000e+03
   2.0140000e+03
   2.0240000e+03
   2.0440000e+03
   2.0480000e+03
   2.0510000e+03
   2.0420000e+03
   2.0450000e+03
   2.0470000e+03
   2.0500000e+03
   2.0570000e+03
   2.0740000e+03
   2.0650000e+03
   2.0380000e+03
   2.0110000e+03
   1.9740000e+03
   1.9650000e+03
   1.9750000e+03
   1.9940000e+03
   2.0190000e+03
   2.0240000e+03
   2.0440000e+03
   2.0720000e+03
   2.0750000e+03
   2.0760000e+03
   2.0540000e+03
   2.0280000e+03
   2.0170000e+03
   2.0190000e+03
   2.0090000e+03
   2.0100000e+03
   2.0400000e+03
   2.0560000e+03
   2.0600000e+03
   2.0520000e+03
   2.0360000e+03
   2.0290000e+03
   2.0180000e+03
   2.0010000e+03
   1.9920000e+03
   1.9940000e+03
   2.0170000e+03
   2.0440000e+03
   2.0700000e+03
   2.0970000e+03
   2.1030000e+03
   2.0910000e+03
   2.0590000e+03
   2.0220000e+03
   1.9970000e+03
   1.9750000e+03
   1.9510000e+03
   1.9320000e+03
   1.9360000e+03
   1.9470000e+03
   1.9590000e+03
   1.9830000e+03
   2.0260000e+03
   2.0640000e+03
   2.0770000e+03
   2.0670000e+03
   2.0550000e+03
   2.0350000e+03
   2.0150000e+03
   2.0200000e+03
   2.0050000e+03
   1.9800000e+03
   1.9630000e+03
   1.9570000e+03
   1.9520000e+03
   1.9700000e+03
   1.9970000e+03
   2.0190000e+03
   2.0270000e+03
   2.0290000e+03
   2.0370000e+03
   2.0320000e+03
   2.0150000e+03
   1.9960000e+03
   1.9890000e+03
   2.0070000e+03
   2.0310000e+03
   2.0280000e+03
   2.0260000e+03
   2.0130000e+03
   2.0120000e+03
   2.0110000e+03
   2.0080000e+03
   1.9960000e+03
   1.9990000e+03
   1.9910000e+03
   1.9970000e+03
   2.0020000e+03
   2.0040000e+03
   2.0210000e+03
   2.0340000e+03
   2.0450000e+03
   2.0500000e+03
   2.0440000e+03
   2.0250000e+03
   2.0000000e+03
   1.9760000e+03
   1.9690000e+03
   1.9790000e+03
   2.0090000e+03
   2.0210000e+03
   2.0270000e+03
   2.0380000e+03
   2.0470000e+03
   2.0350000e+03
   2.0190000e+03
   2.0130000e+03
   2.0260000e+03
   2.0380000e+03
   2.0350000e+03
   2.0310000e+03
   2.0370000e+03
   2.0440000e+03
   2.0420000e+03
   2.0380000e+03
   2.0250000e+03
   2.0070000e+03
   1.9830000e+03
   1.9680000e+03
   1.9690000e+03
   1.9840000e+03
   2.0090000e+03
   2.0250000e+03
   2.0490000e+03
   2.0460000e+03
   2.0260000e+03
   2.0160000e+03
   2.0210000e+03
   2.0230000e+03
   2.0190000e+03
   2.0040000e+03
   1.9740000e+03
   1.9740000e+03
   1.9880000e+03
   2.0090000e+03
   2.0390000e+03
   2.0420000e+03
   2.0340000e+03
   2.0240000e+03
   2.0140000e+03
   2.0070000e+03
   2.0080000e+03
   1.9930000e+03
   1.9970000e+03
   2.0160000e+03
   2.0080000e+03
   2.0060000e+03
   2.0320000e+03
   2.0590000e+03
   2.0610000e+03
   2.0560000e+03
   2.0440000e+03
   2.0330000e+03
   2.0250000e+03
   2.0000000e+03
   1.9870000e+03
   1.9840000e+03
   1.9890000e+03
   1.9820000e+03
   1.9900000e+03
   2.0150000e+03
   2.0440000e+03
   2.0650000e+03
   2.0710000e+03
   2.0530000e+03
   2.0310000e+03
   2.0110000e+03
   1.9740000e+03
   1.9430000e+03
   1.9490000e+03
   1.9620000e+03
   1.9760000e+03
   2.0000000e+03
   2.0300000e+03
   2.0490000e+03
   2.0520000e+03
   2.0390000e+03
   2.0410000e+03
   2.0270000e+03
   2.0160000e+03
   1.9920000e+03
   1.9450000e+03
   1.9230000e+03
   1.9500000e+03
   1.9740000e+03
   1.9960000e+03
   2.0260000e+03
   2.0470000e+03
   2.0450000e+03
   2.0080000e+03
   1.9970000e+03
   1.9880000e+03
   2.0040000e+03
   2.0080000e+03
   1.9990000e+03
   1.9900000e+03
   2.0000000e+03
   2.0240000e+03
   2.0450000e+03
   2.0630000e+03
   2.0630000e+03
   2.0450000e+03
   2.0260000e+03
   1.9910000e+03
   1.9800000e+03
   1.9710000e+03
   1.9630000e+03
   1.9430000e+03
   1.9420000e+03
   1.9590000e+03
   1.9910000e+03
   2.0140000e+03
   2.0290000e+03
   2.0350000e+03
   2.0300000e+03
   2.0220000e+03
   2.0410000e+03
   2.0460000e+03
   2.0300000e+03
   1.9930000e+03
   1.9490000e+03
   1.9240000e+03
   1.9250000e+03
   1.9450000e+03
   1.9630000e+03
   1.9800000e+03
   2.0020000e+03
   2.0110000e+03
   2.0270000e+03
   2.0470000e+03
   2.0510000e+03
   2.0380000e+03
   2.0250000e+03
   2.0060000e+03
   2.0030000e+03
   1.9750000e+03
   1.9490000e+03
   1.9350000e+03
   1.9450000e+03
   1.9670000e+03
   2.0060000e+03
   2.0420000e+03
   2.0630000e+03
   2.0740000e+03
   2.0760000e+03
   2.0480000e+03
   2.0210000e+03
   1.9990000e+03
   1.9820000e+03
   1.9800000e+03
   2.0050000e+03
   2.0240000e+03
   2.0320000e+03
   2.0290000e+03
   2.0280000e+03
   2.0280000e+03
   2.0220000e+03
   2.0070000e+03
   1.9990000e+03
   1.9950000e+03
   1.9940000e+03
   1.9960000e+03
   2.0210000e+03
   2.0390000e+03
   2.0520000e+03
   2.0600000e+03
   2.0650000e+03
   2.0560000e+03
   2.0280000e+03
   1.9940000e+03
   1.9740000e+03
   1.9690000e+03
   1.9650000e+03
   1.9750000e+03
   2.0010000e+03
   2.0100000e+03
   2.0300000e+03
   2.0580000e+03
   2.0680000e+03
   2.0700000e+03
   2.0420000e+03
   2.0070000e+03
   1.9680000e+03
   1.9730000e+03
   1.9910000e+03
   1.9990000e+03
   2.0150000e+03
   2.0180000e+03
   2.0280000e+03
   2.0350000e+03
   2.0450000e+03
   2.0510000e+03
   2.0070000e+03
   2.0090000e+03
   1.9970000e+03
   2.0060000e+03
   2.0270000e+03
   2.0300000e+03
   2.0290000e+03
   2.0120000e+03
   1.9940000e+03
   1.9830000e+03
   1.9970000e+03
   2.0120000e+03
   2.0250000e+03
   2.0250000e+03
   2.0160000e+03
   2.0120000e+03
   2.0140000e+03
   2.0060000e+03
   2.0070000e+03
   2.0120000e+03
   2.0250000e+03
   2.0490000e+03
   2.0500000e+03
   2.0290000e+03
   2.0230000e+03
   2.0120000e+03
   1.9980000e+03
   1.9980000e+03
   2.0120000e+03
   2.0190000e+03
   2.0010000e+03
   1.9940000e+03
   2.0030000e+03
   2.0120000e+03
   2.0310000e+03
   2.0470000e+03
   2.0550000e+03
   2.0300000e+03
   1.9920000e+03
   1.9810000e+03
   1.9870000e+03
   2.0020000e+03
   2.0130000e+03
   2.0120000e+03
   2.0370000e+03
   2.0540000e+03
   2.0570000e+03
   2.0510000e+03
   2.0360000e+03
   2.0060000e+03
   1.9980000e+03
   1.9890000e+03
   1.9780000e+03
   1.9750000e+03
   1.9580000e+03
   1.9640000e+03
   1.9800000e+03
   2.0090000e+03
   2.0320000e+03
   2.0420000e+03
   2.0440000e+03
   2.0390000e+03
   2.0090000e+03
   2.0060000e+03
   1.9940000e+03
   1.9870000e+03
   2.0070000e+03
   2.0180000e+03
   2.0180000e+03
   1.9990000e+03
   1.9910000e+03
   2.0070000e+03
   2.0260000e+03
   2.0410000e+03
   2.0440000e+03
   2.0420000e+03
   2.0320000e+03
   2.0240000e+03
   2.0140000e+03
   2.0050000e+03
   2.0060000e+03
   2.0120000e+03
   2.0240000e+03
   2.0410000e+03
   2.0350000e+03
   2.0050000e+03
   2.0000000e+03
   2.0000000e+03
   2.0100000e+03
   2.0150000e+03
   2.0160000e+03
   2.0290000e+03
   2.0390000e+03
   2.0310000e+03
   2.0200000e+03
   2.0070000e+03
   2.0000000e+03
   1.9840000e+03
   1.9900000e+03
   1.9810000e+03
   1.9780000e+03
   1.9930000e+03
   1.9960000e+03
   2.0100000e+03
   2.0290000e+03
   2.0410000e+03
   2.0280000e+03
   2.0040000e+03
   1.9830000e+03
   1.9700000e+03
   1.9630000e+03
   1.9490000e+03
   1.9900000e+03
   2.0350000e+03
   2.0630000e+03
   2.0690000e+03
   2.0590000e+03
   2.0460000e+03
   2.0350000e+03
   2.0360000e+03
   1.9990000e+03
   1.9790000e+03
   1.9740000e+03
   1.9950000e+03
   1.9980000e+03
   2.0100000e+03
   2.0290000e+03
   2.0610000e+03
   2.0830000e+03
   2.0870000e+03
   2.0720000e+03
   2.0420000e+03
   2.0280000e+03
   2.0100000e+03
   1.9970000e+03
   1.9810000e+03
   1.9610000e+03
   1.9680000e+03
   1.9750000e+03
   1.9870000e+03
   1.9760000e+03
   1.9450000e+03
   1.9260000e+03
   1.9070000e+03
   1.9030000e+03
   1.8970000e+03
   1.9060000e+03
   1.9260000e+03
   1.9580000e+03
   1.9730000e+03
   1.9660000e+03
   1.9560000e+03
   1.9660000e+03
   1.9810000e+03
   2.0130000e+03
   2.0440000e+03
   2.0570000e+03
   2.0640000e+03
   2.0440000e+03
   2.0430000e+03
   2.0490000e+03
   2.0400000e+03
   2.0300000e+03
   2.0240000e+03
   2.0170000e+03
   2.0320000e+03
   2.0440000e+03
   2.0570000e+03
   2.0610000e+03
   2.0760000e+03
   2.0660000e+03
   2.0520000e+03
   2.0410000e+03
   2.0280000e+03
   2.0230000e+03
   2.0190000e+03
   2.0150000e+03
   2.0030000e+03
   2.0140000e+03
   2.0190000e+03
   2.0160000e+03
   1.9930000e+03
   1.9590000e+03
   1.9040000e+03
   1.8730000e+03
   1.8410000e+03
   1.8410000e+03
   1.8710000e+03
   1.8800000e+03
   1.8890000e+03
   1.8980000e+03
   1.9050000e+03
   1.9180000e+03
   1.9240000e+03
   1.9240000e+03
   1.9230000e+03
   1.9070000e+03
   1.9110000e+03
   1.8970000e+03
   1.9010000e+03
   1.9420000e+03
   1.9880000e+03
   2.0410000e+03
   2.0660000e+03
   2.1000000e+03
   2.1150000e+03
   2.1130000e+03
   2.0930000e+03
   2.0790000e+03
   2.0800000e+03
   2.0890000e+03
   2.0990000e+03
   2.1000000e+03
   2.0800000e+03
   2.0600000e+03
   2.0560000e+03
   2.0570000e+03
   2.0620000e+03
   2.0760000e+03
   2.1050000e+03
   2.1000000e+03
   2.0970000e+03
   2.1000000e+03
   2.0990000e+03
   2.1010000e+03
   2.0900000e+03
   2.0840000e+03
   2.0900000e+03
   2.0770000e+03
   2.0620000e+03
   2.0490000e+03
   2.0490000e+03
   2.0270000e+03
   2.0040000e+03
   1.9950000e+03
   2.0050000e+03
   2.0240000e+03
   2.0370000e+03
   2.0590000e+03
   2.0730000e+03
   2.0680000e+03
   2.0480000e+03
   2.0260000e+03
   2.0140000e+03
   2.0110000e+03
   2.0190000e+03
   2.0260000e+03
   2.0200000e+03
   2.0230000e+03
   2.0470000e+03
   2.0670000e+03
   2.0860000e+03
   2.0660000e+03
   2.0460000e+03
   2.0180000e+03
   1.9920000e+03
   1.9730000e+03
   1.9630000e+03
   1.9800000e+03
   2.0120000e+03
   2.0420000e+03
   2.0560000e+03
   2.0530000e+03
   2.0410000e+03
   2.0250000e+03
   2.0270000e+03
   2.0180000e+03
   1.9920000e+03
   1.9780000e+03
   1.9800000e+03
   1.9880000e+03
   2.0210000e+03
   2.0420000e+03
   2.0600000e+03
   2.0760000e+03
   2.0680000e+03
   2.0430000e+03
   2.0110000e+03
   1.9780000e+03
   1.9500000e+03
   1.9550000e+03
   1.9690000e+03
   2.0000000e+03
   2.0140000e+03
   2.0380000e+03
   2.0580000e+03
   2.0580000e+03
   2.0450000e+03
   2.0300000e+03
   2.0190000e+03
   1.9920000e+03
   1.9650000e+03
   1.9500000e+03
   1.9450000e+03
   1.9270000e+03
   1.9210000e+03
   1.9350000e+03
   1.9620000e+03
   1.9800000e+03
   2.0090000e+03
   2.0240000e+03
   2.0270000e+03
   2.0300000e+03
   2.0390000e+03
   2.0270000e+03
   2.0110000e+03
   2.0110000e+03
   2.0250000e+03
   2.0480000e+03
   2.0700000e+03
   2.0820000e+03
   2.0880000e+03
   2.0740000e+03
   2.0610000e+03
   2.0320000e+03
   2.0120000e+03
   2.0100000e+03
   2.0000000e+03
   1.9850000e+03
   1.9570000e+03
   1.9450000e+03
   1.9600000e+03
   1.9850000e+03
   2.0120000e+03
   2.0260000e+03
   2.0300000e+03
   2.0270000e+03
   2.0210000e+03
   2.0100000e+03
   2.0070000e+03
   1.9910000e+03
   1.9790000e+03
   1.9770000e+03
   1.9810000e+03
   1.9820000e+03
   1.9790000e+03
   1.9820000e+03
   2.0060000e+03
   2.0310000e+03
   2.0650000e+03
   2.0540000e+03
   2.0430000e+03
   2.0240000e+03
   2.0200000e+03
   2.0230000e+03
   2.0210000e+03
   2.0140000e+03
   2.0220000e+03
   2.0290000e+03
   2.0300000e+03
   2.0360000e+03
   2.0280000e+03
   2.0390000e+03
   2.0300000e+03
   2.0120000e+03
   2.0060000e+03
   2.0070000e+03
   2.0120000e+03
   2.0270000e+03
   2.0400000e+03
   2.0410000e+03
   2.0660000e+03
   2.0430000e+03
   2.0650000e+03
   2.0650000e+03
   2.0590000e+03
   2.0460000e+03
   2.0170000e+03
   1.9990000e+03
   2.0010000e+03
   2.0110000e+03
   2.0250000e+03
   2.0260000e+03
   2.0410000e+03
   2.0500000e+03
   2.0520000e+03
   2.0500000e+03
   2.0500000e+03
   2.0470000e+03
   2.0460000e+03
   2.0370000e+03
   2.0280000e+03
   2.0030000e+03
   2.0210000e+03
   2.0060000e+03
   2.0100000e+03
   2.0200000e+03
   2.0190000e+03
   2.0210000e+03
   2.0220000e+03
   2.0310000e+03
   2.0270000e+03
   2.0270000e+03
   2.0310000e+03
   1.9960000e+03
   2.0010000e+03
   2.0000000e+03
   1.9990000e+03
   2.0150000e+03
   2.0250000e+03
   2.0300000e+03
   2.0450000e+03
   2.0440000e+03
   2.0320000e+03
   2.0140000e+03
   1.9990000e+03
   1.9990000e+03
   1.9890000e+03
   1.9850000e+03
   1.9880000e+03
   2.0020000e+03
   2.0190000e+03
   2.0200000e+03
   2.0060000e+03
   1.9930000e+03
   1.9650000e+03
   1.9010000e+03
   1.8470000e+03
   1.8150000e+03
   1.7970000e+03
   1.7970000e+03
   1.8200000e+03
   1.8570000e+03
   1.8860000e+03
   1.9110000e+03
   1.9260000e+03
   1.9290000e+03
   1.9080000e+03
   1.8890000e+03
   1.8630000e+03
   1.8420000e+03
   1.8340000e+03
   1.8260000e+03
   1.8440000e+03
   1.8580000e+03
   1.8760000e+03
   1.9110000e+03
   1.9280000e+03
   1.9630000e+03
   1.9740000e+03
   1.9730000e+03
   1.9720000e+03
   1.9830000e+03
   2.0060000e+03
   2.0400000e+03
   2.0730000e+03
   2.1000000e+03
   2.0990000e+03
   2.0970000e+03
   2.0900000e+03
   2.1050000e+03
   2.1190000e+03
   2.1140000e+03
   2.0920000e+03
   2.0730000e+03
   2.0460000e+03
   2.0450000e+03
   2.0370000e+03
   2.0370000e+03
   2.0360000e+03
   2.0620000e+03
   2.1000000e+03
   2.1140000e+03
   2.1080000e+03
   2.1060000e+03
   2.1160000e+03
   2.1340000e+03
   2.1310000e+03
   2.0920000e+03
   2.0650000e+03
   2.0560000e+03
   2.0580000e+03
   2.0420000e+03
   2.0340000e+03
   2.0410000e+03
   2.0580000e+03
   2.0520000e+03
   2.0320000e+03
   2.0300000e+03
   2.0470000e+03
   2.0570000e+03
   2.0640000e+03
   2.0590000e+03
   2.0560000e+03
   2.0390000e+03
   2.0350000e+03
   2.0260000e+03
   2.0230000e+03
   2.0130000e+03
   2.0050000e+03
   2.0140000e+03
   2.0150000e+03
   2.0150000e+03
   2.0170000e+03
   2.0090000e+03
   2.0110000e+03
   2.0210000e+03
   2.0330000e+03
   2.0290000e+03
   2.0170000e+03
   2.0140000e+03
   2.0150000e+03
   2.0180000e+03
   2.0070000e+03
   1.9980000e+03
   1.9920000e+03
   1.9960000e+03
   2.0070000e+03
   2.0100000e+03
   2.0180000e+03
   2.0180000e+03
   2.0150000e+03
   2.0120000e+03
   2.0160000e+03
   2.0260000e+03
   2.0330000e+03
   2.0310000e+03
   2.0150000e+03
   2.0030000e+03
   2.0130000e+03
   1.9820000e+03
   1.9860000e+03
   1.9670000e+03
   1.9510000e+03
   1.9740000e+03
   1.9800000e+03
   1.9840000e+03
   1.9840000e+03
   1.9910000e+03
   1.9990000e+03
   1.9940000e+03
   1.9880000e+03
   1.9800000e+03
   1.9930000e+03
   1.9940000e+03
   2.0070000e+03
   2.0150000e+03
   2.0070000e+03
   1.9990000e+03
   2.0030000e+03
   2.0130000e+03
   2.0180000e+03
   2.0150000e+03
   2.0010000e+03
   1.9870000e+03
   1.9700000e+03
   1.9700000e+03
   1.9830000e+03
   1.9970000e+03
   2.0110000e+03
   2.0310000e+03
   2.0340000e+03
   2.0460000e+03
   2.0460000e+03
   2.0300000e+03
   2.0110000e+03
   2.0050000e+03
   1.9870000e+03
   1.9650000e+03
   1.9530000e+03
   1.9650000e+03
   1.9910000e+03
   2.0120000e+03
   2.0230000e+03
   2.0260000e+03
   2.0290000e+03
   2.0420000e+03
   2.0060000e+03
   2.0060000e+03
   1.9930000e+03
   1.9890000e+03
   2.0010000e+03
   1.9900000e+03
   1.9930000e+03
   2.0270000e+03
   2.0330000e+03
   2.0280000e+03
   2.0120000e+03
   2.0070000e+03
   2.0100000e+03
   2.0180000e+03
   2.0210000e+03
   2.0150000e+03
   2.0100000e+03
   2.0070000e+03
   1.9960000e+03
   2.0070000e+03
   2.0040000e+03
   2.0230000e+03
   2.0170000e+03
   2.0060000e+03
   1.9950000e+03
   2.0000000e+03
   1.9920000e+03
   1.9960000e+03
   2.0080000e+03
   2.0190000e+03
   2.0180000e+03
   2.0210000e+03
   2.0170000e+03
   2.0200000e+03
   2.0260000e+03
   2.0190000e+03
   2.0170000e+03
   2.0210000e+03
   2.0090000e+03
   1.9920000e+03
   1.9930000e+03
   2.0020000e+03
   2.0070000e+03
   2.0160000e+03
   2.0090000e+03
   2.0110000e+03
   2.0060000e+03
   2.0120000e+03
   2.0270000e+03
   2.0420000e+03
   2.0380000e+03
   2.0340000e+03
   2.0330000e+03
   2.0240000e+03
   2.0240000e+03
   2.0260000e+03
   2.0330000e+03
   2.0250000e+03
   2.0280000e+03
   2.0320000e+03
   2.0280000e+03
   2.0300000e+03
   2.0230000e+03
   2.0220000e+03
   2.0250000e+03
   2.0370000e+03
   2.0310000e+03
   2.0360000e+03
   2.0320000e+03
   2.0240000e+03
   2.0100000e+03
   2.0130000e+03
   2.0350000e+03
   2.0410000e+03
   2.0230000e+03
   2.0180000e+03
   2.0210000e+03
   2.0250000e+03
   2.0240000e+03
   2.0170000e+03
   2.0230000e+03
   2.0220000e+03
   2.0230000e+03
   2.0340000e+03
   2.0150000e+03
   2.0130000e+03
   2.0170000e+03
   2.0270000e+03
   2.0210000e+03
   2.0140000e+03
   2.0010000e+03
   2.0010000e+03
   2.0090000e+03
   2.0160000e+03
   2.0240000e+03
   2.0440000e+03
   2.0490000e+03
   2.0560000e+03
   2.0420000e+03
   2.0390000e+03
   2.0250000e+03
   2.0100000e+03
   2.0030000e+03
   2.0060000e+03
   2.0100000e+03
   2.0010000e+03
   1.9960000e+03
   2.0100000e+03
   2.0200000e+03
   2.0200000e+03
   2.0220000e+03
   2.0250000e+03
   2.0160000e+03
   1.9990000e+03
   1.9830000e+03
   1.9830000e+03
   1.9850000e+03
   1.9810000e+03
   1.9920000e+03
   1.9980000e+03
   2.0090000e+03
   2.0120000e+03
   2.0140000e+03
   2.0140000e+03
   2.0100000e+03
   2.0080000e+03
   1.9990000e+03
   1.9970000e+03
   2.0030000e+03
   2.0000000e+03
   1.9850000e+03
   1.9860000e+03
   1.9950000e+03
   2.0160000e+03
   2.0280000e+03
   2.0220000e+03
   2.0180000e+03
   2.0160000e+03
   1.9990000e+03
   2.0050000e+03
   2.0030000e+03
   2.0150000e+03
   2.0130000e+03
   2.0120000e+03
   2.0060000e+03
   2.0020000e+03
   2.0010000e+03
   2.0080000e+03
   2.0230000e+03
   2.0230000e+03
   2.0210000e+03
   2.0230000e+03
   2.0130000e+03
   2.0090000e+03
   2.0070000e+03
   2.0030000e+03
   2.0010000e+03
   1.9970000e+03
   2.0050000e+03
   1.9950000e+03
   1.9880000e+03
   1.9810000e+03
   1.9810000e+03
   2.0060000e+03
   2.0310000e+03
   2.0430000e+03
   2.0020000e+03
   1.9680000e+03
   1.9370000e+03
   1.9270000e+03
   1.9460000e+03
   1.9530000e+03
   1.9430000e+03
   1.9270000e+03
   1.9100000e+03
   1.9110000e+03
   1.9220000e+03
   1.9470000e+03
   1.9520000e+03
   1.9660000e+03
   1.9870000e+03
   2.0050000e+03
   2.0110000e+03
   1.9960000e+03
   1.9800000e+03
   1.9790000e+03
   1.9790000e+03
   1.9870000e+03
   1.9820000e+03
   1.9640000e+03
   1.9610000e+03
   1.9530000e+03
   1.9530000e+03
   1.9570000e+03
   1.9710000e+03
   1.9790000e+03
   1.9790000e+03
   1.9820000e+03
   1.9860000e+03
   1.9940000e+03
   2.0190000e+03
   2.0270000e+03
   2.0300000e+03
   2.0250000e+03
   1.9990000e+03
   1.9720000e+03
   1.9430000e+03
   1.9240000e+03
   1.9100000e+03
   1.9060000e+03
   1.9030000e+03
   1.9270000e+03
   1.9390000e+03
   1.9460000e+03
   1.9640000e+03
   1.9690000e+03
   1.9650000e+03
   1.9740000e+03
   1.9930000e+03
   2.0040000e+03
   2.0220000e+03
   2.0280000e+03
   2.0340000e+03
   2.0250000e+03
   2.0020000e+03
   1.9880000e+03
   1.9750000e+03
   1.9680000e+03
   1.9590000e+03
   1.9670000e+03
   1.9660000e+03
   1.9740000e+03
   1.9780000e+03
   1.9980000e+03
   2.0270000e+03
   2.0510000e+03
   2.0680000e+03
   2.0690000e+03
   2.0440000e+03
   2.0260000e+03
   2.0120000e+03
   2.0030000e+03
   1.9990000e+03
   1.9970000e+03
   1.9850000e+03
   1.9940000e+03
   1.9870000e+03
   1.9830000e+03
   1.9890000e+03
   1.9970000e+03
   2.0020000e+03
   2.0020000e+03
   2.0150000e+03
   2.0180000e+03
   2.0000000e+03
   2.0080000e+03
   2.0130000e+03
   2.0230000e+03
   2.0480000e+03
   2.0660000e+03
   2.0740000e+03
   2.0630000e+03
   2.0220000e+03
   1.9990000e+03
   1.9860000e+03
   1.9840000e+03
   2.0100000e+03
   2.0250000e+03
   2.0350000e+03
   2.0200000e+03
   2.0170000e+03
   2.0090000e+03
   2.0010000e+03
   1.9910000e+03
   1.9960000e+03
   2.0170000e+03
   2.0190000e+03
   2.0080000e+03
   2.0220000e+03
   2.0450000e+03
   2.0590000e+03
   2.0680000e+03
   2.0640000e+03
   2.0450000e+03
   2.0160000e+03
   1.9890000e+03
   1.9770000e+03
   1.9830000e+03
   2.0000000e+03
   1.9970000e+03
   2.0180000e+03
   2.0360000e+03
   2.0330000e+03
   2.0160000e+03
   2.0060000e+03
   2.0050000e+03
   2.0180000e+03
   2.0110000e+03
   2.0130000e+03
   2.0000000e+03
   1.9970000e+03
   2.0090000e+03
   2.0000000e+03
   2.0140000e+03
   2.0260000e+03
   2.0330000e+03
   2.0420000e+03
   2.0520000e+03
   2.0560000e+03
   2.0610000e+03
   2.0630000e+03
   2.0330000e+03
   2.0030000e+03
   1.9920000e+03
   1.9930000e+03
   2.0070000e+03
   2.0100000e+03
   2.0190000e+03
   2.0390000e+03
   2.0560000e+03
   2.0570000e+03
   2.0610000e+03
   2.0690000e+03
   2.0540000e+03
   2.0220000e+03
   1.9930000e+03
   1.9970000e+03
   2.0140000e+03
   2.0270000e+03
   2.0250000e+03
   2.0310000e+03
   2.0270000e+03
   2.0230000e+03
   2.0270000e+03
   2.0250000e+03
   2.0310000e+03
   2.0260000e+03
   2.0310000e+03
   2.0240000e+03
   2.0300000e+03
   2.0500000e+03
   2.0580000e+03
   2.0570000e+03
   2.0430000e+03
   2.0290000e+03
   2.0220000e+03
   2.0120000e+03
   2.0120000e+03
   2.0040000e+03
   1.9860000e+03
   1.9820000e+03
   1.9780000e+03
   1.9790000e+03
   2.0070000e+03
   2.0100000e+03
   2.0350000e+03
   2.0480000e+03
   2.0540000e+03
   2.0540000e+03
   2.0310000e+03
   2.0200000e+03
   2.0060000e+03
   2.0060000e+03
   1.9960000e+03
   1.9870000e+03
   1.9690000e+03
   1.9860000e+03
   2.0010000e+03
   2.0210000e+03
   2.0340000e+03
   2.0380000e+03
   2.0310000e+03
   2.0240000e+03
   2.0080000e+03
   1.9970000e+03
   1.9960000e+03
   2.0050000e+03
   2.0160000e+03
   2.0390000e+03
   2.0480000e+03
   2.0460000e+03
   2.0420000e+03
   2.0440000e+03
   2.0360000e+03
   2.0180000e+03
   2.0060000e+03
   2.0190000e+03
   2.0350000e+03
   2.0610000e+03
   2.0710000e+03
   2.0550000e+03
   2.0420000e+03
   2.0310000e+03
   2.0360000e+03
   2.0270000e+03
   2.0120000e+03
   2.0050000e+03
   1.9880000e+03
   1.9850000e+03
   1.9930000e+03
   2.0060000e+03
   2.0130000e+03
   2.0250000e+03
   2.0340000e+03
   2.0330000e+03
   2.0300000e+03
   2.0340000e+03
   2.0430000e+03
   2.0460000e+03
   2.0420000e+03
   2.0430000e+03
   2.0360000e+03
   2.0300000e+03
   2.0370000e+03
   2.0500000e+03
   2.0420000e+03
   2.0340000e+03
   2.0460000e+03
   2.0590000e+03
   2.0600000e+03
   2.0650000e+03
   2.0540000e+03
   2.0440000e+03
   2.0280000e+03
   2.0070000e+03
   1.9930000e+03
   1.9800000e+03
   1.9710000e+03
   1.9610000e+03
   1.9550000e+03
   1.9600000e+03
   1.9540000e+03
   1.9690000e+03
   1.9760000e+03
   1.9900000e+03
   2.0020000e+03
   2.0120000e+03
   2.0200000e+03
   2.0250000e+03
   2.0240000e+03
   2.0390000e+03
   2.0310000e+03
   2.0330000e+03
   2.0450000e+03
   2.0650000e+03
   2.0660000e+03
   2.0670000e+03
   2.0380000e+03
   2.0300000e+03
   2.0320000e+03
   2.0370000e+03
   2.0580000e+03
   2.0750000e+03
   2.0730000e+03
   2.0760000e+03
   2.0650000e+03
   2.0470000e+03
   2.0470000e+03
   2.0430000e+03
   2.0430000e+03
   2.0180000e+03
   2.0050000e+03
   2.0120000e+03
   2.0200000e+03
   2.0390000e+03
   2.0530000e+03
   2.0490000e+03
   2.0420000e+03
   2.0210000e+03
   1.9930000e+03
   1.9850000e+03
   2.0140000e+03
   2.0460000e+03
   2.0370000e+03
   2.0470000e+03
   2.0440000e+03
   2.0410000e+03
   2.0230000e+03
   2.0080000e+03
   2.0040000e+03
   1.9990000e+03
   1.9970000e+03
   2.0100000e+03
   2.0210000e+03
   2.0160000e+03
   2.0220000e+03
   2.0340000e+03
   2.0600000e+03
   2.0730000e+03
   2.0540000e+03
   2.0240000e+03
   2.0210000e+03
   2.0310000e+03
   2.0330000e+03
   2.0330000e+03
   2.0330000e+03
   2.0430000e+03
   2.0310000e+03
   2.0280000e+03
   2.0380000e+03
   2.0190000e+03
   1.9880000e+03
   1.9860000e+03
   1.9890000e+03
   2.0040000e+03
   2.0010000e+03
   2.0180000e+03
   2.0330000e+03
   2.0450000e+03
   2.0520000e+03
   2.0680000e+03
   2.0590000e+03
   2.0230000e+03
   2.0060000e+03
   1.9810000e+03
   1.9630000e+03
   1.9700000e+03
   1.9910000e+03
   1.9900000e+03
   2.0100000e+03
   2.0220000e+03
   2.0380000e+03
   2.0470000e+03
   2.0490000e+03
   2.0510000e+03
   2.0560000e+03
   2.0510000e+03
   2.0470000e+03
   2.0510000e+03
   2.0410000e+03
   2.0270000e+03
   2.0060000e+03
   2.0140000e+03
   2.0210000e+03
   2.0330000e+03
   2.0390000e+03
   2.0350000e+03
   2.0360000e+03
   2.0330000e+03
   2.0330000e+03
   2.0140000e+03
   2.0160000e+03
   2.0120000e+03
   2.0180000e+03
   2.0030000e+03
   2.0020000e+03
   2.0080000e+03
   2.0410000e+03
   2.0360000e+03
   2.0600000e+03
   2.0390000e+03
   2.0350000e+03
   2.0110000e+03
   2.0060000e+03
   2.0070000e+03
   2.0040000e+03
   1.9970000e+03
   1.9890000e+03
   2.0130000e+03
   1.9910000e+03
   1.9940000e+03
   1.9990000e+03
   2.0050000e+03
   2.0090000e+03
   1.9920000e+03
   1.9840000e+03
   1.9950000e+03
   2.0060000e+03
   2.0280000e+03
   2.0300000e+03
   2.0360000e+03
   2.0300000e+03
   2.0310000e+03
   2.0120000e+03
   1.9770000e+03
   1.9900000e+03
   2.0300000e+03
   2.0550000e+03
   2.0460000e+03
   2.0420000e+03
   2.0210000e+03
   2.0090000e+03
   2.0020000e+03
   2.0140000e+03
   2.0140000e+03
   1.9980000e+03
   1.9900000e+03
   1.9730000e+03
   1.9630000e+03
   1.9580000e+03
   1.9600000e+03
   1.9710000e+03
   1.9780000e+03
   1.9850000e+03
   1.9880000e+03
   2.0080000e+03
   2.0180000e+03
   2.0150000e+03
   2.0080000e+03
   2.0080000e+03
   2.0180000e+03
   2.0160000e+03
   2.0240000e+03
   2.0410000e+03
   2.0500000e+03
   2.0440000e+03
   2.0340000e+03
   2.0240000e+03
   2.0130000e+03
   1.9970000e+03
   1.9960000e+03
   2.0090000e+03
   2.0280000e+03
   2.0240000e+03
   2.0300000e+03
   2.0280000e+03
   2.0260000e+03
   2.0190000e+03
   2.0180000e+03
   1.9960000e+03
   1.9930000e+03
   1.9620000e+03
   1.9580000e+03
   1.9610000e+03
   1.9660000e+03
   1.9680000e+03
   1.9820000e+03
   2.0000000e+03
   2.0110000e+03
   2.0240000e+03
   2.0210000e+03
   2.0470000e+03
   2.0390000e+03
   2.0340000e+03
   2.0230000e+03
   1.9970000e+03
   1.9620000e+03
   1.9600000e+03
   1.9590000e+03
   1.9980000e+03
   2.0130000e+03
   2.0230000e+03
   2.0070000e+03
   2.0250000e+03
   2.0170000e+03
   2.0030000e+03
   1.9920000e+03
   2.0000000e+03
   1.9950000e+03
   2.0010000e+03
   1.9860000e+03
   2.0010000e+03
   1.9910000e+03
   2.0010000e+03
   2.0190000e+03
   2.0150000e+03
   2.0300000e+03
   1.9970000e+03
   2.0180000e+03
   2.0170000e+03
   2.0220000e+03
   2.0330000e+03
   2.0130000e+03
   2.0100000e+03
   2.0230000e+03
   2.0250000e+03
   2.0440000e+03
   2.0470000e+03
   2.0380000e+03
   2.0190000e+03
   2.0130000e+03
   2.0070000e+03
   2.0080000e+03
   1.9930000e+03
   2.0270000e+03
   2.0060000e+03
   2.0250000e+03
   2.0070000e+03
   2.0170000e+03
   1.9940000e+03
   2.0070000e+03
   1.9930000e+03
   2.0060000e+03
   2.0250000e+03
   2.0290000e+03
   2.0340000e+03
   2.0280000e+03
   2.0150000e+03
   2.0060000e+03
   2.0010000e+03
   2.0020000e+03
   2.0120000e+03
   2.0100000e+03
   2.0060000e+03
   1.9980000e+03
   2.0170000e+03
   2.0190000e+03
   2.0200000e+03
   1.9930000e+03
   2.0190000e+03
   2.0100000e+03
   1.9990000e+03
   1.9820000e+03
   1.9780000e+03
   1.9930000e+03
   2.0120000e+03
   2.0150000e+03
   2.0130000e+03
   2.0270000e+03
   2.0410000e+03
   2.0580000e+03
   2.0350000e+03
   2.0300000e+03
   2.0100000e+03
   2.0000000e+03
   1.9960000e+03
   1.9900000e+03
   1.9780000e+03
   2.0000000e+03
   1.9990000e+03
   1.9930000e+03
   2.0470000e+03
   2.0220000e+03
   2.0340000e+03
   2.0120000e+03
   2.0090000e+03
   1.9970000e+03
   2.0000000e+03
   1.9940000e+03
   2.0140000e+03
   2.0030000e+03
   2.0220000e+03
   2.0310000e+03
   2.0220000e+03
   2.0000000e+03
   2.0050000e+03
   2.0010000e+03
   2.0000000e+03
   1.9870000e+03
   1.9840000e+03
   1.9840000e+03
   1.9890000e+03
   2.0170000e+03
   2.0320000e+03
   2.0380000e+03
   2.0500000e+03
   2.0200000e+03
   2.0090000e+03
   1.9920000e+03
   1.9780000e+03
   1.9850000e+03
   1.9730000e+03
   1.9800000e+03
   1.9870000e+03
   2.0020000e+03
   2.0170000e+03
   2.0490000e+03
   2.0490000e+03
   2.0470000e+03
   2.0280000e+03
   2.0270000e+03
   2.0420000e+03
   2.0360000e+03
   2.0200000e+03
   2.0000000e+03
   2.0000000e+03
   2.0230000e+03
   2.0170000e+03
   2.0050000e+03
   2.0030000e+03
   1.9840000e+03
   2.0010000e+03
   2.0100000e+03
   2.0170000e+03
   2.0190000e+03
   2.0380000e+03
   2.0420000e+03
   2.0290000e+03
   2.0200000e+03
   2.0100000e+03
   2.0010000e+03
   1.9740000e+03
   1.9690000e+03
   1.9770000e+03
   1.9900000e+03
   1.9860000e+03
   1.9910000e+03
   1.9930000e+03
   2.0100000e+03
   2.0260000e+03
   2.0240000e+03
   2.0100000e+03
   1.9980000e+03
   2.0000000e+03
   1.9940000e+03
   1.9950000e+03
   1.9990000e+03
   2.0070000e+03
   2.0250000e+03
   2.0350000e+03
   2.0240000e+03
   2.0230000e+03
   2.0130000e+03
   1.9820000e+03
   1.9780000e+03
   1.9970000e+03
   2.0130000e+03
   2.0250000e+03
   2.0310000e+03
   2.0390000e+03
   2.0180000e+03
   1.9960000e+03
   2.0170000e+03
   2.0360000e+03
   2.0340000e+03
   2.0230000e+03
   2.0260000e+03
   2.0150000e+03
   2.0080000e+03
   1.9920000e+03
   1.9880000e+03
   1.9990000e+03
   2.0050000e+03
   2.0150000e+03
   1.9980000e+03
   1.9920000e+03
   1.9820000e+03
   1.9820000e+03
   1.9880000e+03
   2.0100000e+03
   2.0330000e+03
   2.0490000e+03
   2.0620000e+03
   2.0580000e+03
   2.0310000e+03
   2.0130000e+03
   1.9910000e+03
   1.9860000e+03
   2.0200000e+03
   2.0490000e+03
   2.0470000e+03
   2.0610000e+03
   2.0480000e+03
   2.0470000e+03
   2.0280000e+03
   2.0110000e+03
   2.0070000e+03
   1.9910000e+03
   1.9740000e+03
   1.9740000e+03
   1.9860000e+03
   2.0160000e+03
   2.0180000e+03
   2.0080000e+03
   2.0040000e+03
   1.9970000e+03
   1.9970000e+03
   2.0100000e+03
   2.0060000e+03
   1.9870000e+03
   1.9760000e+03
   1.9850000e+03
   2.0170000e+03
   2.0390000e+03
   2.0580000e+03
   2.0680000e+03
   2.0730000e+03
   2.0560000e+03
   2.0420000e+03
   2.0510000e+03
   2.0380000e+03
   2.0320000e+03
   1.9880000e+03
   1.9490000e+03
   1.9370000e+03
   1.9350000e+03
   1.9600000e+03
   1.9880000e+03
   2.0100000e+03
   2.0290000e+03
   2.0340000e+03
   2.0520000e+03
   2.0510000e+03
   2.0340000e+03
   2.0380000e+03
   2.0390000e+03
   2.0330000e+03
   1.9910000e+03
   1.9630000e+03
   1.9530000e+03
   1.9740000e+03
   1.9950000e+03
   2.0190000e+03
   2.0210000e+03
   2.0370000e+03
   2.0440000e+03
   2.0470000e+03
   2.0480000e+03
   2.0440000e+03
   2.0290000e+03
   2.0110000e+03
   1.9920000e+03
   1.9700000e+03
   1.9600000e+03
   1.9670000e+03
   1.9990000e+03
   2.0100000e+03
   2.0160000e+03
   2.0180000e+03
   2.0130000e+03
   2.0100000e+03
   2.0070000e+03
   1.9960000e+03
   1.9970000e+03
   1.9820000e+03
   1.9930000e+03
   2.0030000e+03
   2.0050000e+03
   2.0040000e+03
   2.0100000e+03
   2.0170000e+03
   2.0460000e+03
   2.0580000e+03
   2.0480000e+03
   2.0480000e+03
   2.0180000e+03
   2.0030000e+03
   1.9970000e+03
   1.9950000e+03
   2.0000000e+03
   2.0170000e+03
   2.0300000e+03
   2.0430000e+03
   2.0290000e+03
   2.0350000e+03
   2.0090000e+03
   1.9930000e+03
   1.9860000e+03
   1.9650000e+03
   1.9590000e+03
   1.9550000e+03
   1.9570000e+03
   1.9720000e+03
   2.0010000e+03
   2.0290000e+03
   2.0510000e+03
   2.0410000e+03
   2.0170000e+03
   2.0020000e+03
   1.9930000e+03
   1.9720000e+03
   1.9630000e+03
   1.9880000e+03
   2.0140000e+03
   2.0540000e+03
   2.0570000e+03
   2.0550000e+03
   2.0400000e+03
   2.0310000e+03
   2.0200000e+03
   2.0090000e+03
   2.0030000e+03
   1.9970000e+03
   2.0010000e+03
   1.9930000e+03
   2.0110000e+03
   2.0440000e+03
   2.0640000e+03
   2.0660000e+03
   2.0700000e+03
   2.0390000e+03
   1.9970000e+03
   1.9810000e+03
   1.9710000e+03
   1.9730000e+03
   1.9920000e+03
   2.0100000e+03
   2.0210000e+03
   2.0200000e+03
   2.0050000e+03
   1.9990000e+03
   2.0090000e+03
   2.0190000e+03
   2.0320000e+03
   2.0290000e+03
   2.0110000e+03
   1.9980000e+03
   2.0030000e+03
   1.9920000e+03
   2.0100000e+03
   2.0220000e+03
   2.0100000e+03
   2.0070000e+03
   2.0060000e+03
   2.0250000e+03
   2.0390000e+03
   2.0590000e+03
   2.0600000e+03
   2.0480000e+03
   2.0430000e+03
   2.0320000e+03
   2.0060000e+03
   1.9770000e+03
   1.9650000e+03
   1.9580000e+03
   1.9360000e+03
   1.9400000e+03
   1.9980000e+03
   2.0520000e+03
   2.0720000e+03
   2.0780000e+03
   2.0760000e+03
   2.0660000e+03
   2.0510000e+03
   2.0460000e+03
   2.0060000e+03
   1.9830000e+03
   1.9570000e+03
   1.9540000e+03
   1.9670000e+03
   1.9910000e+03
   2.0300000e+03
   2.0350000e+03
   2.0610000e+03
   2.0780000e+03
   2.0840000e+03
   2.0690000e+03
   2.0600000e+03
   2.0490000e+03
   2.0440000e+03
   2.0210000e+03
   2.0050000e+03
   1.9880000e+03
   1.9820000e+03
   1.9940000e+03
   2.0040000e+03
   2.0050000e+03
   2.0020000e+03
   1.9900000e+03
   1.9940000e+03
   2.0010000e+03
   1.9790000e+03
   1.9620000e+03
   1.9600000e+03
   1.9740000e+03
   1.9870000e+03
   2.0060000e+03
   2.0230000e+03
   2.0330000e+03
   2.0220000e+03
   2.0200000e+03
   1.9980000e+03
   1.9840000e+03
   1.9790000e+03
   1.9690000e+03
   1.9760000e+03
   1.9790000e+03
   2.0000000e+03
   2.0150000e+03
   2.0510000e+03
   2.0520000e+03
   2.0350000e+03
   2.0150000e+03
   1.9980000e+03
   2.0080000e+03
   2.0010000e+03
   2.0050000e+03
   2.0180000e+03
   2.0140000e+03
   2.0000000e+03
   2.0020000e+03
   2.0220000e+03
   2.0380000e+03
   2.0450000e+03
   2.0360000e+03
   2.0200000e+03
   2.0140000e+03
   1.9870000e+03
   1.9920000e+03
   1.9970000e+03
   2.0000000e+03
   2.0060000e+03
   2.0130000e+03
   2.0260000e+03
   2.0190000e+03
   2.0120000e+03
   2.0130000e+03
   2.0120000e+03
   1.9970000e+03
   1.9920000e+03
   1.9920000e+03
   1.9850000e+03
   1.9800000e+03
   1.9880000e+03
   1.9960000e+03
   2.0120000e+03
   2.0210000e+03
   2.0310000e+03
   2.0510000e+03
   2.0600000e+03
   2.0570000e+03
   2.0370000e+03
   2.0350000e+03
   2.0220000e+03
   2.0120000e+03
   2.0070000e+03
   2.0060000e+03
   2.0240000e+03
   2.0240000e+03
   2.0360000e+03
   2.0270000e+03
   2.0270000e+03
   2.0070000e+03
   2.0000000e+03
   2.0070000e+03
   2.0210000e+03
   2.0330000e+03
   2.0350000e+03
   2.0180000e+03
   2.0070000e+03
   2.0040000e+03
   2.0120000e+03
   2.0010000e+03
   1.9940000e+03
   1.9790000e+03
   1.9800000e+03
   1.9980000e+03
   2.0020000e+03
   2.0180000e+03
   2.0250000e+03
   2.0490000e+03
   2.0420000e+03
   2.0190000e+03
   2.0190000e+03
   1.9970000e+03
   1.9970000e+03
   1.9870000e+03
   1.9980000e+03
   2.0250000e+03
   2.0500000e+03
   2.0480000e+03
   2.0600000e+03
   2.0580000e+03
   2.0340000e+03
   2.0170000e+03
   1.9940000e+03
   1.9940000e+03
   1.9910000e+03
   1.9900000e+03
   1.9870000e+03
   1.9890000e+03
   1.9870000e+03
   2.0130000e+03
   2.0250000e+03
   2.0440000e+03
   2.0380000e+03
   2.0410000e+03
   2.0180000e+03
   1.9990000e+03
   1.9870000e+03
   1.9990000e+03
   1.9880000e+03
   1.9970000e+03
   2.0020000e+03
   2.0240000e+03
   2.0360000e+03
   2.0370000e+03
   2.0550000e+03
   2.0500000e+03
   2.0400000e+03
   2.0140000e+03
   2.0010000e+03
   2.0030000e+03
   2.0090000e+03
   2.0160000e+03
   2.0120000e+03
   2.0280000e+03
   2.0240000e+03
   2.0430000e+03
   2.0700000e+03
   2.0770000e+03
   2.0640000e+03
   2.0320000e+03
   2.0370000e+03
   2.0500000e+03
   2.0590000e+03
   2.0440000e+03
   2.0360000e+03
   2.0190000e+03
   2.0150000e+03
   1.9940000e+03
   1.9870000e+03
   1.9950000e+03
   2.0050000e+03
   1.9950000e+03
   2.0070000e+03
   2.0150000e+03
   2.0290000e+03
   2.0290000e+03
   2.0080000e+03
   1.9990000e+03
   1.9900000e+03
   1.9960000e+03
   2.0040000e+03
   2.0060000e+03
   2.0080000e+03
   2.0110000e+03
   2.0140000e+03
   2.0150000e+03
   2.0240000e+03
   2.0360000e+03
   2.0460000e+03
   2.0410000e+03
   2.0400000e+03
   2.0270000e+03
   2.0110000e+03
   1.9970000e+03
   2.0050000e+03
   2.0140000e+03
   2.0090000e+03
   2.0050000e+03
   2.0090000e+03
   2.0090000e+03
   2.0230000e+03
   2.0180000e+03
   2.0000000e+03
   1.9880000e+03
   1.9890000e+03
   1.9810000e+03
   1.9840000e+03
   1.9830000e+03
   1.9940000e+03
   1.9770000e+03
   1.9840000e+03
   1.9830000e+03
   1.9780000e+03
   1.9460000e+03
   1.9420000e+03
   1.9510000e+03
   1.9650000e+03
   1.9770000e+03
   1.9770000e+03
   1.9860000e+03
   1.9780000e+03
   1.9720000e+03
   1.9710000e+03
   1.9720000e+03
   1.9840000e+03
   1.9910000e+03
   2.0050000e+03
   2.0170000e+03
   2.0150000e+03
   2.0210000e+03
   2.0200000e+03
   2.0270000e+03
   2.0220000e+03
   2.0170000e+03
   2.0010000e+03
   1.9860000e+03
   2.0110000e+03
   2.0210000e+03
   2.0370000e+03
   2.0340000e+03
   2.0280000e+03
   2.0370000e+03
   2.0250000e+03
   2.0110000e+03
   2.0030000e+03
   1.9810000e+03
   1.9600000e+03
   1.9530000e+03
   1.9660000e+03
   1.9790000e+03
   1.9940000e+03
   1.9890000e+03
   2.0060000e+03
   2.0220000e+03
   2.0470000e+03
   2.0460000e+03
   2.0530000e+03
   2.0280000e+03
   2.0010000e+03
   1.9720000e+03
   1.9650000e+03
   1.9590000e+03
   1.9660000e+03
   1.9720000e+03
   1.9940000e+03
   2.0230000e+03
   2.0410000e+03
   2.0450000e+03
   2.0650000e+03
   2.0580000e+03
   2.0520000e+03
   2.0430000e+03
   2.0260000e+03
   2.0230000e+03
   2.0190000e+03
   2.0180000e+03
   2.0070000e+03
   1.9920000e+03
   1.9870000e+03
   1.9920000e+03
   2.0000000e+03
   2.0030000e+03
   2.0090000e+03
   1.9960000e+03
   1.9980000e+03
   1.9910000e+03
   2.0020000e+03
   1.9970000e+03
   2.0040000e+03
   1.9860000e+03
   1.9850000e+03
   1.9830000e+03
   1.9900000e+03
   1.9810000e+03
   1.9770000e+03
   1.9680000e+03
   1.9760000e+03
   1.9940000e+03
   1.9940000e+03
   1.9930000e+03
   1.9970000e+03
   2.0220000e+03
   2.0270000e+03
   2.0300000e+03
   2.0390000e+03
   2.0410000e+03
   2.0400000e+03
   2.0250000e+03
   1.9970000e+03
   1.9810000e+03
   1.9840000e+03
   1.9950000e+03
   2.0070000e+03
   1.9840000e+03
   1.9690000e+03
   1.9680000e+03
   1.9840000e+03
   1.9880000e+03
   1.9970000e+03
   2.0010000e+03
   2.0010000e+03
   2.0120000e+03
   2.0220000e+03
   2.0230000e+03
   2.0160000e+03
   2.0130000e+03
   2.0080000e+03
   2.0040000e+03
   1.9870000e+03
   1.9740000e+03
   1.9720000e+03
   1.9910000e+03
   2.0020000e+03
   2.0010000e+03
   1.9930000e+03
   2.0100000e+03
   2.0050000e+03
   2.0190000e+03
   2.0240000e+03
   2.0440000e+03
   2.0490000e+03
   2.0720000e+03
   2.0720000e+03
   2.0690000e+03
   2.0390000e+03
   2.0370000e+03
   2.0220000e+03
   2.0070000e+03
   1.9950000e+03
   1.9960000e+03
   2.0100000e+03
   2.0230000e+03
   2.0200000e+03
   2.0220000e+03
   2.0220000e+03
   2.0120000e+03
   1.9950000e+03
   1.9940000e+03
   1.9950000e+03
   1.9940000e+03
   1.9800000e+03
   1.9730000e+03
   1.9830000e+03
   2.0130000e+03
   2.0340000e+03
   2.0510000e+03
   2.0500000e+03
   2.0390000e+03
   2.0320000e+03
   2.0200000e+03
   2.0210000e+03
   2.0260000e+03
   2.0290000e+03
   2.0380000e+03
   2.0260000e+03
   2.0160000e+03
   2.0120000e+03
   2.0070000e+03
   2.0010000e+03
   1.9900000e+03
   1.9740000e+03
   1.9610000e+03
   1.9650000e+03
   1.9890000e+03
   2.0060000e+03
   2.0250000e+03
   2.0340000e+03
   2.0480000e+03
   2.0510000e+03
   2.0380000e+03
   2.0250000e+03
   2.0210000e+03
   1.9990000e+03
   1.9860000e+03
   1.9830000e+03
   1.9910000e+03
   2.0090000e+03
   2.0110000e+03
   2.0160000e+03
   2.0010000e+03
   1.9920000e+03
   1.9920000e+03
   1.9860000e+03
   1.9980000e+03
   2.0100000e+03
   2.0310000e+03
   2.0480000e+03
   2.0650000e+03
   2.0690000e+03
   2.0610000e+03
   2.0270000e+03
   2.0030000e+03
   1.9890000e+03
   1.9850000e+03
   1.9730000e+03
   1.9690000e+03
   1.9900000e+03
   2.0060000e+03
   2.0340000e+03
   2.0410000e+03
   2.0570000e+03
   2.0600000e+03
   2.0560000e+03
   2.0480000e+03
   2.0390000e+03
